Cost: 114 - Time: 0.000048
Cost: 114 - Time: 0.000079
