Cost: 3928 - Time: 0.020910
Cost: 3928 - Time: 0.020683
