Cost: 754 - Time: 0.003100
Cost: 754 - Time: 0.002776
