Cost: 446 - Time: 0.000016
Cost: 446 - Time: 0.000011
