Cost: 1221 - Time: 0.101892
Cost: 1204 - Time: 0.273759
