Cost: 10618 - Time: 0.400047
Cost: 10618 - Time: 0.403539
