Cost: 308 - Time: 0.000271
Cost: 308 - Time: 0.000342
