Cost: 801 - Time: 60.000069
Cost: 801 - Time: 60.000146
