Cost: 491 - Time: 60.000027
Cost: 446 - Time: 60.000067
