Cost: 10799 - Time: 60.005273
Cost: 10843 - Time: 60.003722
