Cost: 4033 - Time: 60.001345
Cost: 4031 - Time: 60.000690
