Cost: 316 - Time: 60.000030
Cost: 316 - Time: 60.000045
