Cost: 120 - Time: 60.000006
Cost: 120 - Time: 60.000007
