Cost: 1252 - Time: 60.000073
Cost: 1249 - Time: 60.000437
