Cost: 11011 - Time: 60.000132
Cost: 11018 - Time: 60.000026
