Cost: 1252 - Time: 60.000021
Cost: 1252 - Time: 60.000328
