Cost: 316 - Time: 60.000017
Cost: 316 - Time: 60.000213
