Cost: 800 - Time: 60.000120
Cost: 803 - Time: 60.000210
