Cost: 4088 - Time: 60.000145
Cost: 3975 - Time: 60.000133
