Cost: 120 - Time: 60.000073
Cost: 120 - Time: 60.000131
