Cost: 491 - Time: 60.000056
Cost: 491 - Time: 60.000210
