Cost: 10613 - Time: 3.445596
Cost: 10601 - Time: 2.906116
