Cost: 316 - Time: 0.007915
Cost: 309 - Time: 0.012312
