Cost: 3926 - Time: 0.356166
Cost: 3910 - Time: 0.373789
