Cost: 756 - Time: 0.037862
Cost: 751 - Time: 0.048585
