Cost: 471 - Time: 0.018707
Cost: 454 - Time: 0.022092
