Cost: 116 - Time: 0.001983
Cost: 111 - Time: 0.002521
