Cost: 1205 - Time: 0.060412
Cost: 1202 - Time: 0.062527
