Cost: 4005 - Time: 60.001517
Cost: 3978 - Time: 60.060844
