Cost: 10966 - Time: 60.144808
Cost: 10710 - Time: 60.307276
