Cost: 1252 - Time: 60.000235
Cost: 1252 - Time: 60.001442
