Cost: 803 - Time: 60.000047
Cost: 803 - Time: 60.000206
