Cost: 120 - Time: 60.000017
Cost: 120 - Time: 60.000003
