Cost: 316 - Time: 60.000084
Cost: 316 - Time: 60.000011
