Cost: 491 - Time: 60.000205
Cost: 491 - Time: 60.000134
