Cost: 3908 - Time: 0.947127
Cost: 3947 - Time: 0.658159
