Cost: 1222 - Time: 0.017278
Cost: 1223 - Time: 0.023266
