Cost: 761 - Time: 0.003567
Cost: 769 - Time: 0.005029
