Cost: 120 - Time: 0.000566
Cost: 120 - Time: 0.000134
