Cost: 482 - Time: 0.000667
Cost: 481 - Time: 0.001632
