Cost: 10665 - Time: 15.295139
Cost: 10663 - Time: 17.489812
