Cost: 308 - Time: 0.000418
Cost: 309 - Time: 0.000515
